           2.0           1.0
           3.0           1.0
           5.0           2.0
           7.0           3.0
          13.0           4.0
          17.0           6.0
          19.0           6.0
          31.0          10.0
          61.0          19.0
          89.0          27.0
         107.0          33.0
         127.0          39.0
         521.0         157.0
         607.0         183.0
        1279.0         386.0
        2203.0         664.0
        2281.0         687.0
        3217.0         969.0
        4253.0        1281.0
        4423.0        1332.0
        9689.0        2917.0
        9941.0        2993.0
       11213.0        3376.0
       19937.0        6002.0
       21701.0        6533.0
       23209.0        6987.0
       44497.0       13395.0
       86243.0       25962.0
      110503.0       33265.0
      132049.0       39751.0
      216091.0       65050.0
      756839.0      227832.0
      859433.0      258716.0
     1257787.0      378632.0
     1398269.0      420921.0
     2976221.0      895932.0
     3021377.0      909526.0
     6972593.0     2098960.0
    13466917.0     4053946.0
    20996011.0     6320430.0
    24036583.0     7235733.0
    25964951.0     7816230.0
    30402457.0     9152052.0
    32582657.0     9808358.0
    37156667.0    11185272.0
    42643801.0    12837064.0
    43112609.0    12978189.0
    57885161.0    17425170.0
    74207281.0    22338618.0
    77232917.0    23249425.0
    82589933.0    24862048.0
