           2.0
           3.0
           5.0
           7.0
          13.0
          17.0
          19.0
          31.0
          61.0
          89.0
         107.0
         127.0
         521.0
         607.0
        1279.0
        2203.0
        2281.0
        3217.0
        4253.0
        4423.0
        9689.0
        9941.0
       11213.0
       19937.0
       21701.0
       23209.0
       44497.0
       86243.0
      110503.0
      132049.0
      216091.0
      756839.0
      859433.0
     1257787.0
     1398269.0
     2976221.0
     3021377.0
     6972593.0
    13466917.0
    20996011.0
    24036583.0
    25964951.0
    30402457.0
    32582657.0
    37156667.0
    42643801.0
    43112609.0
    57885161.0
    74207281.0
    77232917.0
    82589933.0
